[-0.12423781  0.06186355  0.01609015 -0.04098683 -0.1806134  -0.12055786
 -0.0133106  -0.11356288  0.01926499 -0.04153702  0.18644622 -0.11620676
 -0.25450426 -0.00402615 -0.02376389  0.08328363 -0.06770229 -0.14097904
 -0.14009184 -0.13207854 -0.03635364  0.00857085 -0.06888618  0.03612242
 -0.07852717 -0.22468625 -0.07271591 -0.03466277  0.01481491 -0.07163598
 -0.04012384  0.07073227 -0.18711284 -0.16869742  0.07794879  0.08644832
 -0.03772569 -0.09368547  0.19896549 -0.00696472 -0.0791001   0.07029942
  0.12092524  0.32321817  0.15959047 -0.021594   -0.00247066 -0.0105067
  0.12529415 -0.27503875  0.07839252  0.13297078  0.1831405   0.07025106
  0.06727277 -0.18862475  0.05108268  0.09809636 -0.20190206  0.06311049
  0.1152785  -0.04518998 -0.08152068 -0.12002647  0.19873911  0.14656095
 -0.07305896 -0.15934935  0.14458826 -0.13637727 -0.04356997  0.00673713
 -0.11663876 -0.08841503 -0.25134453  0.10179797  0.31635451  0.14176059
 -0.19607608  0.01582049 -0.06793984 -0.01414079 -0.01114709 -0.06705797
 -0.08458462 -0.02038697 -0.1118061   0.04265969  0.16761495 -0.00836312
 -0.04065419  0.18502104  0.05620572 -0.05048288  0.12105837  0.04670432
 -0.14466593 -0.07489608 -0.12463139  0.03053437  0.08775688 -0.20219676
  0.02121744  0.13729374 -0.18466085  0.15266432 -0.07538883  0.00764644
 -0.07820354 -0.02020855 -0.06914569  0.01091755  0.13842621 -0.21913595
  0.17887838  0.11756427 -0.00099985  0.09840489  0.04093226  0.0056165
 -0.00320688  0.05772882 -0.10750805 -0.16634285 -0.01271411 -0.00279862
  0.01874877  0.12483665]